0 0 1000 31
0 0 31 1000
0 969 406 31
469 969 531 31
969 0 31 1000
344 31 31 95
656 31 32 32
125 125 281 31
469 125 281 31    
531 94 32 31  
813 125 156 31   
531 156 32 94  
844 156 31 625  
125 156 31 625   
313 156 33 32  
250 250 500 31  
469 375 250 31                
500 469 94 31                
344 594 281 31                
375 719 63 31                
500 719 125 31                
31 844 219 31                
344 844 531 31                
219 313 31 31                
156 438 32 31                
219 625 31 31                
813 250 31 31                
750 438 31 31                
813 594 31 31                
125 875 31 31                
594 813 31 31                
719 281 31 563                
250 281 31 219               
250 563 31 312              
375 875 31 94                
375 750 31 94                
500 500 31 94                
594 625 31 94        
375 375 31 219
